
  Benchmark lcg from 1 to 256 with step 1.

         N            Ri            Time

         1    4074525504        2.486261
         2    4074525504        2.352650
         3    4074525504        2.277500
         4    4074525504        2.241539
         5    4074525504        2.237098
         6    4074525504        2.226705
         7    4074525504        2.215534
         8    4074525504        2.217709
         9    4074525504        2.205570
        10    4074525504        2.223691
        11    4074525504        2.205492
        12    4074525504        2.201030
        13    4074525504        2.196087
        14    4074525504        2.194394
        15    4074525504        2.195319
        16    4074525504        2.215155
        17    4074525504        2.105140
        18    4074525504        2.192012
        19    4074525504        2.093751
        20    4074525504        2.190645
        21    4074525504        2.189212
        22    4074525504        2.188816
        23    4074525504        2.211289
        24    4074525504        2.187843
        25    4074525504        2.186895
        26    4074525504        2.207988
        27    4074525504        2.224553
        28    4074525504        2.200893
        29    4074525504        2.179374
        30    4074525504        2.181370
        31    4074525504        2.176702
        32    4074525504        2.185555
        33    4074525504        2.177837
        34    4074525504        2.202446
        35    4074525504        2.191676
        36    4074525504        2.176596
        37    4074525504        2.173946
        38    4074525504        2.216331
        39    4074525504        2.203111
        40    4074525504        2.177974
        41    4074525504        2.178835
        42    4074525504        2.198796
        43    4074525504        2.204564
        44    4074525504        2.186002
        45    4074525504        2.180648
        46    4074525504        2.235897
        47    4074525504        2.179425
        48    4074525504        2.182831
        49    4074525504        2.180560
        50    4074525504        2.164749
        51    4074525504        2.177891
        52    4074525504        2.160888
        53    4074525504        2.199403
        54    4074525504        2.153048
        55    4074525504        2.179535
        56    4074525504        2.181462
        57    4074525504        2.179604
        58    4074525504        2.199391
        59    4074525504        2.179333
        60    4074525504        2.178825
        61    4074525504        2.167065
        62    4074525504        2.177166
        63    4074525504        2.189136
        64    4074525504        2.186548
        65    4074525504        2.178916
        66    4074525504        2.203413
        67    4074525504        2.184185
        68    4074525504        2.174289
        69    4074525504        2.170344
        70    4074525504        2.194958
        71    4074525504        2.200279
        72    4074525504        2.188991
        73    4074525504        2.223611
        74    4074525504        2.201878
        75    4074525504        2.175172
        76    4074525504        2.165193
        77    4074525504        2.163268
        78    4074525504        2.171837
        79    4074525504        2.164646
        80    4074525504        2.177736
        81    4074525504        2.163961
        82    4074525504        2.201094
        83    4074525504        2.173657
        84    4074525504        2.173570
        85    4074525504        2.157279
        86    4074525504        2.181981
        87    4074525504        2.182614
        88    4074525504        2.175883
        89    4074525504        2.182109
        90    4074525504        2.170101
        91    4074525504        2.174385
        92    4074525504        2.163517
        93    4074525504        2.199025
        94    4074525504        2.180568
        95    4074525504        2.253421
        96    4074525504        2.171845
        97    4074525504        2.162053
        98    4074525504        2.176991
        99    4074525504        2.164065
       100    4074525504        2.180933
       101    4074525504        2.174030
       102    4074525504        2.176774
       103    4074525504        2.173015
       104    4074525504        2.174219
       105    4074525504        2.174386
       106    4074525504        2.227171
       107    4074525504        2.170640
       108    4074525504        2.174874
       109    4074525504        2.198767
       110    4074525504        2.167142
       111    4074525504        2.167063
       112    4074525504        2.163801
       113    4074525504        2.174362
       114    4074525504        2.175608
       115    4074525504        2.213825
       116    4074525504        2.175751
       117    4074525504        2.176840
       118    4074525504        2.181542
       119    4074525504        2.176397
       120    4074525504        2.177993
       121    4074525504        2.168612
       122    4074525504        2.151148
       123    4074525504        2.197243
       124    4074525504        2.175569
       125    4074525504        2.186019
       126    4074525504        2.176564
       127    4074525504        2.180339
       128    4074525504        2.196177
       129    4074525504        2.186946
       130    4074525504        2.209426
       131    4074525504        2.172774
       132    4074525504        2.199655
       133    4074525504        2.196810
       134    4074525504        2.198873
       135    4074525504        2.182514
       136    4074525504        2.174433
       137    4074525504        2.157666
       138    4074525504        2.198454
       139    4074525504        2.159920
       140    4074525504        2.171497
       141    4074525504        2.204886
       142    4074525504        2.194670
       143    4074525504        2.201155
       144    4074525504        2.164875
       145    4074525504        2.171831
       146    4074525504        2.162707
       147    4074525504        2.195958
       148    4074525504        2.179749
       149    4074525504        2.209978
       150    4074525504        2.177018
       151    4074525504        2.175210
       152    4074525504        2.163021
       153    4074525504        2.161021
       154    4074525504        2.174088
       155    4074525504        2.162032
       156    4074525504        2.179134
       157    4074525504        2.168212
       158    4074525504        2.181425
       159    4074525504        2.197209
       160    4074525504        2.172265
       161    4074525504        2.167780
       162    4074525504        2.209494
       163    4074525504        2.155544
       164    4074525504        2.192997
       165    4074525504        2.203115
       166    4074525504        2.160697
       167    4074525504        2.161502
       168    4074525504        2.191842
       169    4074525504        2.198414
       170    4074525504        2.185400
       171    4074525504        2.162260
       172    4074525504        2.173593
       173    4074525504        2.187104
       174    4074525504        2.177074
       175    4074525504        2.195277
       176    4074525504        2.152355
       177    4074525504        2.161312
       178    4074525504        2.171128
       179    4074525504        2.162132
       180    4074525504        2.211889
       181    4074525504        2.191821
       182    4074525504        2.157758
       183    4074525504        2.159019
       184    4074525504        2.218997
       185    4074525504        2.202597
       186    4074525504        2.181211
       187    4074525504        2.171375
       188    4074525504        2.161693
       189    4074525504        2.185085
       190    4074525504        2.207694
       191    4074525504        2.211189
       192    4074525504        2.161390
       193    4074525504        2.161372
       194    4074525504        2.202792
       195    4074525504        2.211599
       196    4074525504        2.162895
       197    4074525504        2.155056
       198    4074525504        2.160097
       199    4074525504        2.204118
       200    4074525504        2.171342
       201    4074525504        2.161094
       202    4074525504        2.185089
       203    4074525504        2.166211
       204    4074525504        2.161133
       205    4074525504        2.204893
       206    4074525504        2.198584
       207    4074525504        2.157543
       208    4074525504        2.161278
       209    4074525504        2.172895
       210    4074525504        2.153044
       211    4074525504        2.157682
       212    4074525504        2.170392
       213    4074525504        2.160359
       214    4074525504        2.183735
       215    4074525504        2.177486
       216    4074525504        2.173355
       217    4074525504        2.160878
       218    4074525504        2.165376
       219    4074525504        2.161376
       220    4074525504        2.156457
       221    4074525504        2.181885
       222    4074525504        2.164548
       223    4074525504        2.177799
       224    4074525504        2.161579
       225    4074525504        2.170092
       226    4074525504        2.199298
       227    4074525504        2.164569
       228    4074525504        2.160906
       229    4074525504        2.167027
       230    4074525504        2.179017
       231    4074525504        2.193367
       232    4074525504        2.162231
       233    4074525504        2.163696
       234    4074525504        2.159397
       235    4074525504        2.176912
       236    4074525504        2.169548
       237    4074525504        2.162476
       238    4074525504        2.167638
       239    4074525504        2.164678
       240    4074525504        2.160557
       241    4074525504        2.169159
       242    4074525504        2.163594
       243    4074525504        2.165323
       244    4074525504        2.159519
       245    4074525504        2.167885
       246    4074525504        2.171053
       247    4074525504        2.184717
       248    4074525504        2.211099
       249    4074525504        2.174489
       250    4074525504        2.151699
       251    4074525504        2.173997
       252    4074525504        2.164282
       253    4074525504        2.156659
       254    4074525504        2.202976
       255    4074525504        2.194084
