
  Benchmark lcg from 1 to 256 with step 1.

         N            Ri            Time

         1    1483440256        1.566723
         2    1483440256        1.442781
         3    1483440256        1.387148
         4    1483440256        1.325350
         5    1483440256        1.330653
         6    1483440256        1.312854
         7    1483440256        1.314474
         8    1483440256        1.295309
         9    1483440256        1.302329
        10    1483440256        1.286238
        11    1483440256        1.306753
        12    1483440256        1.283058
        13    1483440256        1.284538
        14    1483440256        1.308666
        15    1483440256        1.281979
        16    1483440256        1.269821
        17    1483440256        1.281486
        18    1483440256        1.274307
        19    1483440256        1.274299
        20    1483440256        1.270963
        21    1483440256        1.276691
        22    1483440256        1.266181
        23    1483440256        1.272166
        24    1483440256        1.268985
        25    1483440256        1.274271
        26    1483440256        1.274383
        27    1483440256        1.262503
        28    1483440256        1.292993
        29    1483440256        1.262767
        30    1483440256        1.258669
        31    1483440256        1.260675
        32    1483440256        1.271850
        33    1483440256        1.265992
        34    1483440256        1.265991
        35    1483440256        1.262367
        36    1483440256        1.264109
        37    1483440256        1.262340
        38    1483440256        1.251235
        39    1483440256        1.264239
        40    1483440256        1.257287
        41    1483440256        1.263247
        42    1483440256        1.261753
        43    1483440256        1.257146
        44    1483440256        1.249630
        45    1483440256        1.257905
        46    1483440256        1.266428
        47    1483440256        1.254261
        48    1483440256        1.270548
        49    1483440256        1.251993
        50    1483440256        1.259530
        51    1483440256        1.256833
        52    1483440256        1.253346
        53    1483440256        1.253493
        54    1483440256        1.271740
        55    1483440256        1.259529
        56    1483440256        1.269142
        57    1483440256        1.251841
        58    1483440256        1.251571
        59    1483440256        1.251489
        60    1483440256        1.244126
        61    1483440256        1.247571
        62    1483440256        1.250827
        63    1483440256        1.249950
        64    1483440256        1.278745
        65    1483440256        1.251344
        66    1483440256        1.266884
        67    1483440256        1.250644
        68    1483440256        1.251135
        69    1483440256        1.243586
        70    1483440256        1.249497
        71    1483440256        1.241865
        72    1483440256        1.251181
        73    1483440256        1.248120
        74    1483440256        1.241553
        75    1483440256        1.245977
        76    1483440256        1.247820
        77    1483440256        1.245998
        78    1483440256        1.249638
        79    1483440256        1.245300
        80    1483440256        1.243265
        81    1483440256        1.264735
        82    1483440256        1.239772
        83    1483440256        1.243973
        84    1483440256        1.248950
        85    1483440256        1.246008
        86    1483440256        1.249646
        87    1483440256        1.241976
        88    1483440256        1.245521
        89    1483440256        1.245481
        90    1483440256        1.312761
        91    1483440256        1.241675
        92    1483440256        1.251949
        93    1483440256        1.237475
        94    1483440256        1.250552
        95    1483440256        1.257086
        96    1483440256        1.257384
        97    1483440256        1.247129
        98    1483440256        1.248782
        99    1483440256        1.236988
       100    1483440256        1.252860
       101    1483440256        1.240285
       102    1483440256        1.245705
       103    1483440256        1.241297
       104    1483440256        1.236313
       105    1483440256        1.269501
       106    1483440256        1.250625
       107    1483440256        1.237134
       108    1483440256        1.241851
       109    1483440256        1.240983
       110    1483440256        1.237800
       111    1483440256        1.247682
       112    1483440256        1.241226
       113    1483440256        1.247652
       114    1483440256        1.316997
       115    1483440256        1.238726
       116    1483440256        1.245351
       117    1483440256        1.239565
       118    1483440256        1.237214
       119    1483440256        1.242129
       120    1483440256        1.239431
       121    1483440256        1.235171
       122    1483440256        1.244481
       123    1483440256        1.233743
       124    1483440256        1.246239
       125    1483440256        1.255312
       126    1483440256        1.234578
       127    1483440256        1.239971
       128    1483440256        1.243811
       129    1483440256        1.239838
       130    1483440256        1.238874
       131    1483440256        1.234647
       132    1483440256        1.239635
       133    1483440256        1.239704
       134    1483440256        1.237605
       135    1483440256        1.239293
       136    1483440256        1.249866
       137    1483440256        1.233566
       138    1483440256        1.241519
       139    1483440256        1.239909
       140    1483440256        1.231004
       141    1483440256        1.248081
       142    1483440256        1.243873
       143    1483440256        1.275555
       144    1483440256        1.236004
       145    1483440256        1.234365
       146    1483440256        1.257942
       147    1483440256        1.237589
       148    1483440256        1.244874
       149    1483440256        1.237580
       150    1483440256        1.233885
       151    1483440256        1.236390
       152    1483440256        1.237489
       153    1483440256        1.242596
       154    1483440256        1.239034
       155    1483440256        1.247434
       156    1483440256        1.235636
       157    1483440256        1.245007
       158    1483440256        1.232734
       159    1483440256        1.236539
       160    1483440256        1.250967
       161    1483440256        1.228690
       162    1483440256        1.238169
       163    1483440256        1.243914
       164    1483440256        1.231287
       165    1483440256        1.236103
       166    1483440256        1.241809
       167    1483440256        1.230884
       168    1483440256        1.238214
       169    1483440256        1.233317
       170    1483440256        1.235680
       171    1483440256        1.235998
       172    1483440256        1.231744
       173    1483440256        1.250690
       174    1483440256        1.241832
       175    1483440256        1.230407
       176    1483440256        1.238082
       177    1483440256        1.233952
       178    1483440256        1.244006
       179    1483440256        1.259769
       180    1483440256        1.231214
       181    1483440256        1.264718
       182    1483440256        1.235655
       183    1483440256        1.230209
       184    1483440256        1.247643
       185    1483440256        1.242682
       186    1483440256        1.261151
       187    1483440256        1.234908
       188    1483440256        1.231454
       189    1483440256        1.247846
       190    1483440256        1.263761
       191    1483440256        1.239684
       192    1483440256        1.242137
       193    1483440256        1.238395
       194    1483440256        1.227252
       195    1483440256        1.245131
       196    1483440256        1.229735
       197    1483440256        1.250268
       198    1483440256        1.239151
       199    1483440256        1.235045
       200    1483440256        1.234925
       201    1483440256        1.236227
       202    1483440256        1.233604
       203    1483440256        1.236196
       204    1483440256        1.230776
       205    1483440256        1.241055
       206    1483440256        1.232490
       207    1483440256        1.232737
       208    1483440256        1.234565
       209    1483440256        1.255664
       210    1483440256        1.232329
       211    1483440256        1.249479
       212    1483440256        1.234539
       213    1483440256        1.229721
       214    1483440256        1.243288
       215    1483440256        1.230306
       216    1483440256        1.237240
       217    1483440256        1.234497
       218    1483440256        1.231628
       219    1483440256        1.233922
       220    1483440256        1.239077
       221    1483440256        1.241297
       222    1483440256        1.233990
       223    1483440256        1.228714
       224    1483440256        1.235708
       225    1483440256        1.233692
       226    1483440256        1.271013
       227    1483440256        1.232305
       228    1483440256        1.234778
       229    1483440256        1.252557
       230    1483440256        1.238084
       231    1483440256        1.236340
       232    1483440256        1.236799
       233    1483440256        1.234000
       234    1483440256        1.228759
       235    1483440256        1.233951
       236    1483440256        1.236107
       237    1483440256        1.228157
       238    1483440256        1.258238
       239    1483440256        1.229876
       240    1483440256        1.237383
       241    1483440256        1.245447
       242    1483440256        1.259531
       243    1483440256        1.239862
       244    1483440256        1.233356
       245    1483440256        1.227722
       246    1483440256        1.230102
       247    1483440256        1.233161
       248    1483440256        1.257353
       249    1483440256        1.230444
       250    1483440256        1.225415
       251    1483440256        1.232494
       252    1483440256        1.241241
       253    1483440256        1.234669
       254    1483440256        1.236625
       255    1483440256        1.236801
